Mixture	T cells CD8	Monocytes	T cells CD4	NKT cells	B cells	NK cells	P-value	Correlation	RMSE
15-501_1	0.0386669565140881	0.354577368280258	0.376443629080317	0.113408461992629	0.116903584132707	0	0	0.793291577621504	0.621914074926453
15-502_1	0.0675830104490158	0.372890015214861	0.297848899050738	0.112516420506304	0.149161654779081	0	0	0.836904344822344	0.561424580836974
15-503_1	0.0483067691823945	0.280255944429596	0.467700019053299	0.0956549687455789	0.108082298589132	0	0	0.824824558808802	0.612478937346557
15-504_1	0.031400571114223	0.33044156533296	0.435266831855919	0.0902134677824128	0.112677563914485	0	0	0.802537511203519	0.618545273566087
12-101_1	0.0601207152081081	0.306001946019606	0.457678604016782	0.084521655704154	0.0916770790513505	0	0	0.794798397560977	0.636579155474634
12-102_1	0.116648572223303	0.338713424452851	0.331484188252859	0.0853998337219046	0.127753981349082	0	0	0.799858797233534	0.614992365772627
12-103_1	0.0501685882796683	0.363458912827501	0.410478644732978	0.0798259690905296	0.096067885069323	0	0	0.771916120463122	0.645103969459869
12-104_1	0.0687650121395352	0.441065046823109	0.305239246445506	0.0610278606572859	0.123902833934563	0	0	0.780904477803121	0.625065902568771
16-201_1	0.100946773134077	0.230852063304497	0.373733460676008	0.103245883577671	0.191221819307747	0	0	0.85471528339585	0.567646614103329
16-202_1	0.132043175262454	0.191732910632753	0.376782894058848	0.0908006485204328	0.208640371525513	0	0	0.869848958547079	0.554130601843473
16-203_1	0.121060073263918	0.126489045324198	0.467724094409548	0.0886551030800894	0.196071683922245	0	0	0.860361789463749	0.590217902399787
16-204_1	0.140153452132268	0.181230743402636	0.371545020875332	0.083621733591213	0.22344904999855	0	0	0.899150850353729	0.515214162893487
16-301_1	0.0518800845119992	0.201540501731127	0.478143310566612	0.0900372885258104	0.178398814664452	0	0	0.860622093651926	0.578359827040798
16-302_1	0.0543328220479481	0.235928645364584	0.466880432869878	0.084504547629242	0.158353552088348	0	0	0.829769862915042	0.605876638582302
16-303_1	0.0436232914079951	0.214411314249935	0.501557442063582	0.092478098682942	0.147929853595546	0	0	0.88625670400523	0.562633406884784
16-304_1	0.0587799112803623	0.19571701727063	0.490045665111982	0.0979609033767393	0.157496502960286	0	0	0.843323026373949	0.606317965816742
16-901_1	0.0536855623560416	0.296542376872739	0.19136416736189	0.0936526907535649	0.364755202655765	0	0	0.907773174875656	0.421675830366638
16-902_1	0.0297879772601402	0.327551754415625	0.199370078117483	0.0730625769840293	0.370227613222722	0	0	0.876152561618883	0.482784082752713
16-903_1	0.0536800637430376	0.237814910075816	0.233883827391061	0.0968984003382337	0.377722798451852	0	0	0.930297992707778	0.377705089445179
16-904_1	0.0687320488850844	0.249646199934109	0.274602269367754	0.0934764623904331	0.313543019422619	0	0	0.897083608214436	0.459350421574445
15-501_2	0.0663269370531785	0.242128674837309	0.456848371643679	0.0982867152914775	0.136409301174356	0	0	0.834687147278126	0.606743833645977
15-502_2	0.0500950542975845	0.354208851532018	0.412340353730378	0.0817497270390284	0.101606013400992	0	0	0.785348186992991	0.632325089270176
15-503_2	0.0537910594974977	0.199570278090619	0.60173403768002	0.102252623488396	0.0426520012434673	0	0	0.770823364371241	0.700208945474845
15-504_2	0.0382606993431518	0.366583160514678	0.406093259919919	0.0964704561270623	0.0925924240951889	0	0	0.730422153561698	0.686313141629414
12-101_2	0.0431476010332294	0.389292014521333	0.384918090455766	0.0768036256207396	0.105838668368932	0	0	0.766259521778877	0.646428125279079
12-102_2	0.0661436195223481	0.45377957841052	0.284303409175061	0.0843352956380224	0.111438097254048	0	0	0.773902998294059	0.633599568273451
12-103_2	0.0708680444908286	0.210103958710742	0.386841893191826	0.100872767665829	0.231313335940774	0	0	0.816637355106726	0.601028888634203
12-104_2	0.0407463995342886	0.462926012518337	0.333399153291237	0.0806326749916151	0.0822957596645229	0	0	0.775293706466888	0.632003322115455
16-201_2	0.0703647041967788	0.255438633199633	0.432672432733024	0.110063139405225	0.131461090465339	0	0	0.774299311864018	0.659849205059084
16-202_2	0.0580691238650315	0.280130931613511	0.474644020710718	0.106127542743388	0.0810283810673524	0	0	0.734554214940823	0.6980247746175
16-203_2	0.0680850190878	0.269347564454039	0.495034638488428	0.0943334917802683	0.0731992861894643	0	0	0.71465021645424	0.717072162605139
16-204_2	0.066638028224007	0.209708768993195	0.470447536122167	0.119132090145671	0.134073576514961	0	0	0.772642253853412	0.67209461960566
16-301_2	0.118064317824841	0.0637306131460427	0.580588402199246	0.0790026297528663	0.158614037077004	0	0	0.821439580641289	0.655946435640276
16-302_2	0.168401575052593	0.111565124408028	0.44261316346328	0.0999663772151849	0.177453759860915	0	0	0.809543406515666	0.646043604903726
16-303_2	0.0989585122923229	0.23118626013599	0.456860011308188	0.0902580587716005	0.122737157491899	0	0	0.791574122817272	0.652680332682565
16-304_2	0.0745967689267469	0.220609222422622	0.503555873155958	0.0917924742396334	0.109445661255039	0	0	0.805917858403568	0.648443110100429
16-901_2	0.0704278003986966	0.226130583102154	0.326643063149943	0.116680596268039	0.260117957081168	0	0	0.833765496331356	0.569908486384629
16-902_2	0.0676242091193744	0.272544465389926	0.286139039317881	0.115189009306394	0.258503276866424	0	0	0.828328132860213	0.569453709410768
16-903_2	0.0684052511644567	0.224048830634095	0.346234896625281	0.100221622515717	0.261089399060451	0	0	0.851449443129726	0.548191431244519
16-904_2	0.0709798093836713	0.141891875167387	0.430668437385383	0.109855629128329	0.24660424893523	0	0	0.840822016111627	0.583789398379584
12-101_3	0.0939827752440735	0.184330497852772	0.484049344002224	0.0952725236205841	0.142364859280346	0	0	0.795185971274021	0.656629906804831
12-102_3	0.0526728100794632	0.363336285525674	0.449891492211588	0.07951361342101	0.0545857987622657	0	0	0.673825418105001	0.739624313273824
12-103_3	0.0748244232279609	0.290676474336147	0.457739590874438	0.104537127572329	0.0722223839891242	0	0	0.72723958751245	0.702831047150882
12-104_3	0.07146716281898	0.260516364006974	0.480237783268981	0.0809418728252917	0.106836817079774	0	0	0.745235333375112	0.688697234538022
15-501_3	0.0879133770938481	0.244683365683463	0.483454650254572	0.0847375817880356	0.0992110251800821	0	0	0.73589534641467	0.700968205785216
15-502_3	0.106346175875949	0.388449148460096	0.288481365187808	0.114855316020958	0.10186799445519	0	0	0.75727548869423	0.655906445132943
15-503_3	0.089855844465976	0.357729362754972	0.352004716907512	0.0644879789749928	0.135922096896547	0	0	0.755346212947706	0.658624721312172
15-504_3	0.121188682028502	0.344254913696803	0.365720092358355	0.0988346552263671	0.0700016566899729	0	0	0.735869257297917	0.685136626066666
16-201_3	0.0841093982453902	0.398501514730994	0.297052685170575	0.0877353046471713	0.13260109720587	0	0	0.788056581192048	0.61867764529881
16-202_3	0.0784373434508942	0.295121176009301	0.393287452187211	0.0899606305126723	0.143193397839922	0	0	0.753793843837842	0.667973364690195
16-203_3	0.0933412232649248	0.340713820942778	0.396641963933623	0.044606383993129	0.124696607865545	0	0	0.758915199004664	0.658031514714835
16-204_3	0.109782681983333	0.31215892107897	0.403153313055345	0.0743791030644951	0.100525980817857	0	0	0.755131536089104	0.669589195082335
16-301_3	0.103571973761656	0.112045300366542	0.562585688926015	0.111131046143388	0.110665990802399	0	0	0.735196500406412	0.727025237636763
16-302_3	0.057431050833665	0.185697134863889	0.598772878969645	0.0739438581156389	0.0841550772171623	0	0	0.745496251313304	0.711372908764593
16-303_3	0.177272730746789	0.133363789807452	0.505957057445301	0.0524105080240884	0.13099591397637	0	0	0.619482834856929	0.793005830545223
16-304_3	0.111236168999022	0.187738394723241	0.484767749835976	0.0937409386514003	0.12251674779036	0	0	0.763285503152459	0.687012923980702
16-901_3	0.13101374211587	0.203591198110678	0.390095206676409	0.0791527045723617	0.196147148524681	0	0	0.850874945646507	0.576828842482408
16-902_3	0.0764298205524558	0.361356811858722	0.326802580784786	0.0641161688628778	0.171294617941159	0	0	0.800407554077997	0.604745985230255
16-903_3	0.0979038138005316	0.265982462211194	0.381518894068829	0.0686573563225624	0.185937473596883	0	0	0.808956082069049	0.609333670114517
16-904_3	0.107179729413606	0.190571128168257	0.388973829288778	0.0785408633788694	0.234734449750489	0	0	0.856956223976081	0.558138007872407
